[1.69082,
 1.69741,
 1.7039900000000001,
 1.71058,
 1.71716,
 1.72375,
 1.73033,
 1.73692,
 1.74351,
 1.75009,
 1.75668,
 1.76327,
 1.76985,
 1.77644,
 1.78303,
 1.78962,
 1.79621,
 1.8028,
 1.80939,
 1.81598,
 1.82257,
 1.8291600000000001,
 1.83575,
 1.8423399999999999,
 1.84893,
 1.85552,
 1.86212,
 1.86871,
 1.8753,
 1.8819000000000001,
 1.88849,
 1.8950799999999999,
 1.90168,
 1.90827,
 1.9148699999999999,
 1.92146,
 1.9280599999999999,
 1.93465,
 1.94125,
 1.9478499999999999,
 1.95444,
 1.96104,
 1.96764,
 1.97424,
 1.98084,
 1.98743,
 1.99403,
 2.00063,
 2.00723,
 2.01383,
 2.02043,
 2.02703,
 2.03363,
 2.04024,
 2.04684,
 2.05344,
 2.06004,
 2.06664,
 2.07325,
 2.07985,
 2.0864499999999997,
 2.09306,
 2.0996599999999996,
 2.10627,
 2.11287,
 2.11948,
 2.12608,
 2.13269,
 2.1393,
 2.1459,
 2.1525100000000004,
 2.1591199999999997,
 2.16572,
 2.17233,
 2.17894,
 2.18555,
 2.19216,
 2.19877,
 2.20538,
 2.2119899999999997,
 2.2186,
 2.22521,
 2.2318200000000004,
 2.2384299999999997,
 2.24504,
 2.25165,
 2.25827,
 2.2648800000000002,
 2.2714899999999996,
 2.2781,
 2.2847199999999996,
 2.29133,
 2.2979499999999997,
 2.30456,
 2.31118,
 2.31779,
 2.32441,
 2.33102,
 2.33764,
 2.3442600000000002,
 2.35087,
 2.35749,
 2.36411,
 2.37072,
 2.3773400000000002,
 2.38396,
 2.39058,
 2.3971999999999998,
 2.40382,
 2.41044,
 2.4170599999999998,
 2.42368,
 2.4303000000000003,
 2.43692,
 2.44354,
 2.45017,
 2.45679,
 2.4634099999999997,
 2.4700300000000004,
 2.47666,
 2.48328,
 2.4899,
 2.4965300000000004,
 2.50312,
 2.5097199999999997,
 2.5163200000000003,
 2.52292,
 2.52951,
 2.5361100000000003,
 2.54271,
 2.5493099999999997,
 2.55591,
 2.56251,
 2.5691100000000002,
 2.57571,
 2.58231,
 2.58891,
 2.5955100000000004,
 2.6021199999999998]